00 00 00 00 00 00 00 00 00 00 00 00 00 00 00 00 00 00 00 00 00 00 00 00 00 00 00 00 00 00 00 00 00 00 00 00 00 00 00 00 00 00 00 00 00 00 00 00 00 00 00 00 00 00 00 00 00 00 00 00 00 00 00 00 00
00 00 00 00 00 00 00 00 00 00 00 00 00 00 00 00 00 00 00 00 00 00 00 00 00 00 00 00 00 00 00 00 00 00 00 00 00 00 00 00 00 00 00 00 00 00 00 00 00 00 00 00 00 00 00 00 00 15 15 00 00 00 00 00 00
00 00 00 00 00 00 00 00 00 00 00 00 00 00 00 00 00 00 00 00 00 00 00 00 00 00 00 00 00 00 00 00 00 00 00 00 00 00 00 00 00 00 00 00 00 00 00 00 00 00 00 00 00 00 00 00 15 15 15 15 15 15 00 00 00
00 00 00 00 00 00 00 00 00 00 00 00 00 00 00 00 00 00 00 00 00 00 00 00 00 00 00 00 00 00 00 00 00 00 00 00 00 00 00 00 00 00 00 00 00 00 00 00 00 00 00 00 00 00 00 00 13 13 13 15 15 15 00 00 00
00 00 00 00 00 00 00 00 00 00 00 00 00 00 00 00 00 00 00 00 00 00 00 00 00 00 00 00 00 00 00 00 00 00 00 00 00 00 00 00 00 00 00 00 00 00 00 00 13 00 00 00 00 00 00 00 15 15 15 15 15 13 00 00 00
00 00 00 00 00 00 00 00 00 00 00 00 00 00 00 00 00 00 00 00 00 00 00 00 00 00 00 00 00 00 00 00 00 00 00 00 00 00 00 00 00 00 00 00 00 00 00 00 00 13 12 12 00 00 00 00 13 13 15 15 15 15 00 00 00
00 00 00 00 00 00 00 00 00 00 00 00 00 00 00 00 00 00 00 00 00 00 00 15 15 15 00 00 00 00 00 00 00 00 00 00 00 00 00 00 13 00 00 00 13 00 00 00 00 12 12 12 12 00 00 00 15 15 15 15 15 15 00 00 00
00 00 00 00 00 00 00 00 15 15 00 00 00 00 00 00 00 00 00 00 00 00 15 13 13 13 00 00 00 00 00 00 00 00 00 00 00 00 00 00 00 13 12 00 00 13 12 00 00 13 13 12 13 00 00 00 13 13 15 13 15 15 00 00 00
00 00 00 00 00 12 00 15 13 13 00 00 00 12 00 00 00 00 00 00 12 00 15 15 15 15 00 00 00 12 00 00 00 00 00 00 00 00 00 00 12 12 12 00 12 12 12 00 00 12 12 12 12 00 00 00 15 15 15 13 15 15 00 00 00
00 00 00 15 12 00 00 15 15 15 00 15 12 00 00 00 00 00 15 12 00 00 15 15 15 13 00 15 12 00 00 00 00 00 00 00 00 00 08 08 08 08 08 08 08 08 08 08 08 08 08 08 08 08 08 08 08 08 08 08 08 08 08 08 08
00 00 00 15 15 15 00 15 13 15 00 15 15 15 00 00 00 00 15 15 15 00 15 13 15 15 00 15 15 15 00 00 00 00 00 00 00 00 00 00 15 15 13 15 13 15 13 15 15 15 15 15 15 15 15 13 15 13 15 15 13 15 15 15 15
00 00 14 14 14 14 14 14 14 14 14 14 14 14 14 00 00 14 14 14 14 14 14 14 14 14 14 14 14 14 14 00 00 00 00 00 00 00 00 00 08 08 08 08 08 08 08 08 08 08 08 08 08 08 08 08 08 08 08 08 08 08 08 08 08
00 00 12 12 12 12 12 13 12 13 12 13 12 12 00 00 00 12 12 12 12 12 12 13 12 13 12 13 12 12 00 00 00 00 00 00 00 00 00 00 00 15 15 15 15 15 15 15 15 15 15 15 15 15 15 15 15 15 15 15 15 15 15 15 15
00 00 00 12 12 12 12 12 12 12 12 12 12 00 00 00 00 00 12 12 12 12 12 12 12 12 12 12 12 00 00 00 00 00 00 00 00 00 00 00 00 00 15 15 15 15 15 15 15 15 15 15 15 15 15 15 15 15 15 15 15 15 15 15 15
11 11 00 12 11 11 12 12 11 11 12 12 11 11 00 00 11 11 12 12 11 11 12 12 11 11 12 12 11 11 00 00 11 11 00 00 11 11 00 00 11 11 15 15 11 11 15 15 11 11 15 15 11 11 15 15 11 11 15 15 11 11 15 15 11
11 11 11 11 11 11 11 11 11 11 11 11 11 11 11 11 11 11 11 11 11 11 11 11 11 11 11 11 11 11 11 11 11 11 11 11 11 11 11 11 11 11 11 11 11 11 11 11 11 11 11 11 11 11 11 11 11 11 11 11 11 11 11 11 11
11 11 11 11 11 11 11 11 11 11 11 11 11 11 11 11 11 11 11 11 11 11 11 11 11 11 11 11 11 11 11 11 11 11 11 11 11 11 11 11 11 11 11 11 11 11 11 11 11 11 11 11 11 11 11 11 11 11 11 11 11 11 11 11 11
11 11 11 11 11 11 11 11 11 11 11 11 11 11 11 11 11 11 11 11 11 11 11 11 11 11 11 11 11 11 11 11 11 11 11 11 11 11 11 11 11 11 11 11 11 11 11 11 11 11 11 11 11 11 11 11 11 11 11 11 11 11 11 11 11
11 11 11 11 11 11 11 11 11 11 11 11 11 11 11 11 11 11 11 11 11 11 11 11 11 11 11 11 11 11 11 11 11 11 11 11 11 11 11 11 11 11 11 11 11 11 11 11 11 11 11 11 11 11 11 11 11 11 11 11 11 11 11 11 11
11 11 11 11 11 11 11 11 11 11 11 11 11 11 11 11 11 11 11 11 11 11 11 11 11 11 11 11 11 11 11 11 11 11 11 11 11 11 11 11 11 11 11 11 11 11 11 11 11 11 11 11 11 11 11 11 11 11 11 11 11 11 11 11 11
11 11 11 11 11 11 11 11 11 11 11 11 11 11 11 11 11 11 11 11 11 11 11 11 11 11 11 11 11 11 11 11 11 11 11 11 11 11 11 11 11 11 11 11 11 11 11 11 11 11 11 11 11 11 11 11 11 11 11 11 11 11 11 11 11
11 11 11 11 11 11 11 11 11 11 11 11 11 11 11 11 11 11 11 11 11 11 11 11 11 11 11 11 11 11 11 11 11 11 11 11 11 11 11 11 11 11 11 11 11 11 11 11 11 11 11 11 11 11 11 11 11 11 11 11 11 11 11 11 11
11 11 11 11 11 11 11 11 11 11 11 11 11 11 11 11 11 11 11 11 11 11 11 11 11 11 11 11 11 11 11 11 11 11 11 11 11 11 11 11 11 11 11 11 11 11 11 11 11 11 11 11 11 11 11 11 11 11 11 11 11 11 11 11 11
