08 07 08 07 08 07 08 07 08 07 08 07 08 07 08 07 08 07 08 07 08 07 08 07 08 07 08 07 08 07 08 07 08 07 08 07 08 07 08 07 08 07 08 07 08 07 08 07 08 07
07 10 10 10 10 10 10 10 10 10 10 10 10 10 10 10 10 10 10 10 10 10 10 10 10 10 10 10 10 10 10 10 10 10 10 10 10 10 10 10 10 10 10 10 10 10 10 10 10 08
08 10 10 10 10 10 10 10 10 10 10 10 10 10 10 10 10 10 10 10 10 10 10 10 10 10 10 10 10 10 10 10 10 10 10 10 10 10 10 10 10 10 10 10 10 10 10 10 10 07
07 10 10 10 10 10 10 10 10 10 10 10 10 10 10 10 10 10 10 10 10 10 10 10 10 10 10 10 10 10 10 10 10 10 10 10 10 10 10 10 10 10 10 10 10 10 10 10 10 08
08 10 10 10 10 10 10 10 10 10 10 10 10 10 10 10 10 10 10 10 10 10 10 10 10 10 10 10 10 10 10 10 10 10 10 10 10 10 10 10 10 10 10 10 10 10 10 10 10 07
07 10 10 10 10 10 10 10 10 10 10 10 10 10 10 10 10 10 10 10 10 10 10 03 03 03 03 10 10 10 10 10 10 10 10 10 10 10 10 10 10 10 10 10 10 10 10 10 10 08
08 10 10 10 10 10 10 10 10 10 10 10 10 10 10 10 10 10 10 10 10 10 10 03 08 08 03 10 10 10 10 10 10 10 10 10 10 10 10 10 10 10 10 10 10 10 10 10 10 07
07 10 10 10 10 10 10 10 10 10 10 10 10 10 10 10 10 10 10 10 10 10 10 03 03 03 03 10 10 10 10 10 10 10 10 10 10 10 10 10 10 10 10 10 10 10 10 10 10 08
08 10 10 10 10 10 10 10 10 10 10 10 10 08 03 10 10 10 10 10 10 10 10 10 03 03 10 10 10 10 10 10 10 10 10 03 08 10 10 10 10 10 10 10 10 10 10 10 10 07
07 10 10 10 10 10 10 10 10 10 10 10 10 03 03 03 10 10 10 10 10 10 10 03 03 03 03 10 10 10 10 10 10 10 03 03 03 10 10 10 10 10 10 10 10 10 10 10 10 08
08 10 10 10 10 10 10 10 10 10 10 10 10 10 03 03 03 10 10 10 10 10 03 03 07 07 03 03 10 10 10 10 10 03 03 03 10 10 10 10 10 10 10 10 10 10 10 10 10 07
07 10 10 10 10 10 08 08 10 10 10 10 10 10 03 07 03 03 10 10 10 03 03 07 08 08 07 03 03 10 10 10 03 03 07 03 10 10 10 10 10 10 08 08 10 10 10 10 10 08
08 10 10 10 10 08 03 03 08 10 10 10 10 10 03 03 03 03 03 10 03 03 03 03 07 07 03 03 03 03 10 03 03 03 03 03 10 10 10 10 10 08 03 03 08 10 10 10 10 07
07 10 10 10 10 10 08 08 10 08 10 10 10 10 03 03 03 03 03 03 03 03 03 03 03 03 03 03 03 03 03 03 03 03 03 03 10 10 10 10 08 10 08 08 10 10 10 10 10 08
08 10 10 10 10 08 10 10 08 03 08 10 10 10 03 03 03 03 03 03 03 03 03 03 03 03 03 03 03 03 03 03 03 03 03 03 10 10 10 08 03 08 10 10 08 10 10 10 10 07
07 10 10 10 08 03 08 10 10 08 10 10 10 10 03 07 03 03 03 07 03 03 03 03 03 03 03 03 03 03 07 03 03 03 07 03 10 10 10 10 08 10 10 08 03 08 10 10 10 08
08 10 10 10 10 08 10 10 10 10 10 10 10 10 03 03 03 03 03 03 03 03 03 03 03 03 03 03 03 03 03 03 03 03 03 03 10 10 10 10 10 10 10 10 08 10 10 10 10 07
07 10 10 10 10 10 10 08 10 08 10 10 10 10 03 03 03 03 03 03 03 03 03 03 03 03 03 03 03 03 03 03 03 03 03 03 10 10 10 10 08 10 08 10 10 10 10 10 10 08
08 10 10 10 10 10 10 10 07 10 10 10 10 10 10 10 10 10 10 10 10 10 10 10 10 10 10 10 10 10 10 10 10 10 10 10 10 10 10 10 10 07 10 10 10 10 10 10 10 07
07 10 10 10 10 10 10 10 10 07 10 10 10 10 10 10 10 10 10 10 10 10 10 10 10 10 10 10 10 10 10 10 10 10 10 10 10 10 10 10 07 10 10 10 10 10 10 10 10 08
08 10 10 10 10 10 10 10 10 10 07 10 10 10 10 10 10 10 10 10 10 10 10 10 10 10 10 10 10 10 10 10 10 10 10 10 10 10 10 07 10 10 10 10 10 10 10 10 10 07
07 10 10 10 10 10 10 10 10 10 10 10 10 10 10 10 10 10 10 10 10 10 10 10 10 10 10 10 10 10 10 10 10 10 10 10 10 10 10 10 10 10 10 10 10 10 10 10 10 08
08 10 10 10 10 10 10 10 10 10 10 10 10 10 10 10 10 10 10 10 10 10 10 10 10 10 10 10 10 10 10 10 10 10 10 10 10 10 10 10 10 10 10 10 10 10 10 10 10 07
07 10 10 10 10 10 10 10 10 10 10 10 10 10 10 10 10 10 10 10 10 10 10 10 10 10 10 10 10 10 10 10 10 10 10 10 10 10 10 10 10 10 10 10 10 10 10 10 10 08
08 10 10 10 10 10 10 10 10 10 10 10 10 10 10 10 10 10 10 10 10 10 10 10 10 10 10 10 10 10 10 10 10 10 10 10 10 10 10 10 10 10 10 10 10 10 10 10 10 07
07 10 10 10 10 10 10 10 10 10 10 10 10 10 10 10 10 10 10 10 10 10 10 10 10 10 10 10 10 10 10 10 10 10 10 10 10 10 10 10 10 10 10 10 10 10 10 10 10 08
08 10 10 10 10 10 10 10 10 10 10 10 10 10 10 10 10 10 10 10 10 10 10 10 10 10 10 10 10 10 10 10 10 10 10 10 10 10 10 10 10 10 10 10 10 10 10 10 10 07
07 10 10 10 10 10 10 10 10 10 10 10 10 10 10 10 10 10 10 10 10 10 10 10 10 10 10 10 10 10 10 10 10 10 10 10 10 10 10 10 10 10 10 10 10 10 10 10 10 08
08 10 10 10 10 10 10 10 10 10 10 10 10 10 10 10 10 10 10 10 10 10 10 10 10 10 10 10 10 10 10 10 10 10 10 10 10 10 10 10 10 10 10 10 10 10 10 10 10 07
07 10 10 10 10 10 10 10 10 10 10 10 10 10 10 10 10 10 10 10 10 10 10 10 10 10 10 10 10 10 10 10 10 10 10 10 10 10 10 10 10 10 10 10 10 10 10 10 10 08
08 10 10 10 10 10 10 10 10 10 10 10 10 10 10 10 10 10 10 10 10 10 10 10 10 10 10 10 10 10 10 10 10 10 10 10 10 10 10 10 10 10 10 10 10 10 10 10 10 07
07 08 07 08 07 08 07 08 07 08 07 08 07 08 07 08 07 08 07 08 07 08 07 08 07 08 07 08 07 08 07 08 07 08 07 08 07 08 07 08 07 08 07 08 07 08 07 08 07 08
